$MeshFormat
2.2 0 8
$EndMeshFormat
$Nodes
217
1 -0.4 0 0
2 -0.1333333333333333 0 0
3 -0.1333333333333333 0.1 0
4 -0.4 0.1 0
5 -0.025 0 0
6 -0.01767766952966369 0.01767766952966369 0
7 0.01767766952966369 0.01767766952966369 0
8 0.025 0 0
9 0.1333333333333333 0.1 0
10 0.1333333333333333 0 0
11 0.4 0 0
12 0.4 0.1 0
13 -0.3555555555556279 0 0
14 -0.3111111111113242 0 0
15 -0.2666666666670358 0 0
16 -0.2222222222224461 0 0
17 -0.1777777777778697 0 0
18 -0.1333333333333333 0.01666666666663203 0
19 -0.1333333333333333 0.03333333333325108 0
20 -0.1333333333333333 0.04999999999987165 0
21 -0.1333333333333333 0.06666666666657722 0
22 -0.1333333333333333 0.08333333333328159 0
23 -0.177777777777719 0.1 0
24 -0.2222222222219909 0.1 0
25 -0.2666666666662848 0.1 0
26 -0.3111111111108834 0.1 0
27 -0.3555555555554283 0.1 0
28 -0.4 0.08333333333337167 0
29 -0.4 0.0666666666667589 0
30 -0.4 0.05000000000012769 0
31 -0.4 0.03333333333342646 0
32 -0.4 0.01666666666674214 0
33 -0.1152777777778091 0 0
34 -0.09722222222231358 0 0
35 -0.07916666666680935 0 0
36 -0.0611111111112079 0 0
37 -0.04305555555560366 0 0
38 -0.02478612153315421 0.003263154814548199 0
39 -0.02414814565184749 0.006470476147638549 0
40 -0.02309698830149405 0.009567085836379189 0
41 -0.02165063508556943 0.0125000000156604 0
42 -0.01983383350457133 0.01521903572874917 0
43 -0.01249999998685106 0.02165063510220251 0
44 -0.006470476092781553 0.02414814566654637 0
45 6.203244862224011e-11 0.025 0
46 0.006470476171563237 0.02414814564543689 0
47 0.01250000001657648 0.02165063508504053 0
48 -0.03695361349690528 0.0313980579413603 0
49 -0.05622955746413049 0.04511844635304525 0
50 -0.07550550143134271 0.05883883476472095 0
51 -0.09478144539867531 0.07255922317648235 0
52 -0.114057389366022 0.08627961158825379 0
53 0.01983383350934871 0.01521903572252316 0
54 0.02165063510440902 0.01249999998302927 0
55 0.02309698832401914 0.009567085781998774 0
56 0.02414814566214968 0.006470476109190227 0
57 0.02478612153632871 0.003263154790435445 0
58 0.04305555555550912 0 0
59 0.06111111111101303 0 0
60 0.07916666666652206 0 0
61 0.09722222222212729 0 0
62 0.1152777777776869 0 0
63 0.1333333333333333 0.01666666666663203 0
64 0.1333333333333333 0.03333333333325108 0
65 0.1333333333333333 0.04999999999987165 0
66 0.1333333333333333 0.06666666666657722 0
67 0.1333333333333333 0.08333333333328159 0
68 0.08888888888898752 0.1 0
69 0.04444444444465497 0.1 0
70 3.683719995706269e-13 0.1 0
71 -0.04444444444421863 0.1 0
72 -0.08888888888881166 0.1 0
73 0.03695361349690528 0.0313980579413603 0
74 0.05622955746413049 0.04511844635304525 0
75 0.07550550143134271 0.05883883476472095 0
76 0.09478144539867531 0.07255922317648235 0
77 0.114057389366022 0.08627961158825379 0
78 0.177777777777719 0 0
79 0.2222222222219909 0 0
80 0.2666666666662848 0 0
81 0.3111111111108834 0 0
82 0.3555555555554283 0 0
83 0.4 0.01666666666663203 0
84 0.4 0.03333333333325108 0
85 0.4 0.04999999999987165 0
86 0.4 0.06666666666657722 0
87 0.4 0.08333333333328159 0
88 0.3555555555556279 0.1 0
89 0.3111111111113242 0.1 0
90 0.2666666666670358 0.1 0
91 0.2222222222224461 0.1 0
92 0.1777777777778697 0.1 0
93 -0.3111111111111752 0.0333333333333426 0
94 -0.3111111111110347 0.06666666666667588 0
95 -0.222222222222291 0.03333333333332508 0
96 -0.2222222222221462 0.06666666666665809 0
97 -0.3111111111112497 0.0166666666666713 0
98 -0.3555555555555876 0.03333333333338453 0
99 -0.3555555555556077 0.01666666666670672 0
100 -0.311111111111105 0.05000000000000925 0
101 -0.3555555555555174 0.06666666666671739 0
102 -0.3555555555555525 0.05000000000006847 0
103 -0.3111111111109591 0.08333333333333795 0
104 -0.3555555555554728 0.08333333333335481 0
105 -0.2222222222223685 0.01666666666666254 0
106 -0.2666666666667331 0.03333333333333384 0
107 -0.2666666666668844 0.01666666666666692 0
108 -0.2222222222222186 0.04999999999999158 0
109 -0.2666666666665904 0.06666666666666698 0
110 -0.2666666666666618 0.05000000000000042 0
111 -0.2222222222220686 0.08333333333332904 0
112 -0.2666666666664376 0.0833333333333335 0
113 -0.1777777777778122 0.03333333333328808 0
114 -0.1777777777778409 0.01666666666664728 0
115 -0.1777777777777398 0.06666666666661766 0
116 -0.177777777777776 0.04999999999993161 0
117 -0.1777777777777294 0.08333333333330531 0
118 -0.09626396474664818 0.02217662019089537 0
119 -0.09538447083540828 0.04575914443836593 0
120 -0.059560752480095 0.0139603894297425 0
121 -0.05784534491872722 0.02845684308244023 0
122 -0.09674309348448087 0.01108831009544769 0
123 -0.1147986490399908 0.02775497676207322 0
124 -0.1150382134088999 0.01387748838103986 0
125 -0.09582421779102823 0.03396788231463065 0
126 -0.1143589020843708 0.05621290555247158 0
127 -0.1145787755621808 0.04198394115725115 0
128 -0.09508295811704179 0.05915918380742414 0
129 -0.1142081457251964 0.07124625857035917 0
130 -0.06033593179565145 0.006980194714871248 0
131 -0.07791235861337159 0.01806850481031894 0
132 -0.07853951264009047 0.009034252405159468 0
133 -0.05870304869941111 0.02120861625609136 0
134 -0.07661490787706775 0.03710799376040308 0
135 -0.07726363324521966 0.02758824928536101 0
136 -0.05703745119142885 0.03678764471774273 0
137 -0.07606020465420522 0.04797341426256202 0
138 -0.04185444906597124 0.01021543278869052 0
139 -0.04256102666440269 0.005121674764709723 0
140 -0.03974799000214832 0.02047842154905032 0
141 -0.04090001850045258 0.01538785104623528 0
142 -0.03843564234800419 0.02600334022324887 0
143 -0.01405277021466322 0.0477965298128141 0
144 -0.02503462940733295 0.07359886875689342 0
145 0.01405277027154376 0.04779652980552316 0
146 0.0250346294391137 0.07359886875414554 0
147 -0.01026162315372239 0.03597233773968023 0
148 -0.03514116383939685 0.04645748808292967 0
149 -0.02382058191312806 0.034054061592569 0
150 -0.01954369981099809 0.06069769928485376 0
151 -0.05990803740300413 0.07307904596668788 0
152 -0.04752460062117039 0.05976826702478735 0
153 -0.03473953692577579 0.08679943437844671 0
154 -0.07439846314591675 0.08653952298335024 0
155 0.0102616232215535 0.03597233772548002 0
156 2.844026750215001e-11 0.04779652980916863 0
157 4.52363589295568e-11 0.03639826490458431 0
158 0.01954369985532873 0.06069769927983434 0
159 1.589037235127932e-11 0.07359886875551948 0
160 2.216532166143814e-11 0.06069769928234405 0
161 0.03473953694188434 0.08679943437707277 0
162 8.129375644871928e-12 0.08679943437775973 0
163 0.03514116386783712 0.0464574880792842 0
164 0.02382058194221091 0.03405406158216528 0
165 0.0599080374188945 0.07307904596531395 0
166 0.04752460064333572 0.05976826702227765 0
167 0.07439846315394988 0.08653952298266328 0
168 0.05784534492008349 0.0284568430765745 0
169 0.09538447083556043 0.04575914443693447 0
170 0.05956075248134161 0.01396038942280163 0
171 0.09626396474679978 0.02217662018890573 0
172 0.03974799001224626 0.02047842152980188 0
173 0.05703745119210699 0.03678764471480987 0
174 0.03843564235073195 0.02600334021866943 0
175 0.07661490787782196 0.03710799375675448 0
176 0.09508295811711787 0.0591591838067084 0
177 0.07606020465458234 0.04797341426073771 0
178 0.1143589020844469 0.05621290555175584 0
179 0.1142081457252345 0.07124625857000129 0
180 0.04185444907174565 0.01021543276599593 0
181 0.05870304870071255 0.02120861624968806 0
182 0.04090001851236585 0.01538785101584342 0
183 0.0779123586140707 0.01806850480585368 0
184 0.09582421779118011 0.0339678823129201 0
185 0.07726363324594634 0.02758824928130408 0
186 0.1147986490400666 0.0277549767610784 0
187 0.1145787755622567 0.04198394115639586 0
188 0.06033593179617732 0.006980194711400815 0
189 0.04256102666625432 0.00512167475091813 0
190 0.09674309348446353 0.01108831009445286 0
191 0.07853951264029638 0.009034252402926839 0
192 0.1150382134088767 0.01387748838054245 0
193 0.2222222222221462 0.03333333333332291 0
194 0.222222222222291 0.06666666666665592 0
195 0.3111111111110347 0.03333333333332292 0
196 0.3111111111111752 0.06666666666665594 0
197 0.2222222222220686 0.01666666666666146 0
198 0.1777777777777398 0.03333333333328699 0
199 0.1777777777777294 0.01666666666664674 0
200 0.2222222222222186 0.04999999999998941 0
201 0.1777777777778122 0.06666666666661658 0
202 0.177777777777776 0.04999999999993053 0
203 0.2222222222223685 0.08333333333332796 0
204 0.177777777777841 0.08333333333330478 0
205 0.311111111110959 0.01666666666666146 0
206 0.2666666666665904 0.03333333333332292 0
207 0.2666666666664376 0.01666666666666146 0
208 0.311111111111105 0.04999999999998943 0
209 0.2666666666667331 0.06666666666665594 0
210 0.2666666666666618 0.04999999999998942 0
211 0.3111111111112497 0.08333333333332797 0
212 0.2666666666668844 0.08333333333332796 0
213 0.3555555555555173 0.033333333333287 0
214 0.3555555555554728 0.01666666666664674 0
215 0.3555555555555876 0.06666666666661658 0
216 0.3555555555555524 0.04999999999993054 0
217 0.3555555555556078 0.08333333333330478 0
$EndNodes
$Elements
252
1 1 2 15 1 1 13
2 1 2 15 1 13 14
3 1 2 15 1 14 15
4 1 2 15 1 15 16
5 1 2 15 1 16 17
6 1 2 15 1 17 2
7 1 2 14 3 3 23
8 1 2 14 3 23 24
9 1 2 14 3 24 25
10 1 2 14 3 25 26
11 1 2 14 3 26 27
12 1 2 14 3 27 4
13 1 2 12 4 4 28
14 1 2 12 4 28 29
15 1 2 12 4 29 30
16 1 2 12 4 30 31
17 1 2 12 4 31 32
18 1 2 12 4 32 1
19 1 2 15 5 2 33
20 1 2 15 5 33 34
21 1 2 15 5 34 35
22 1 2 15 5 35 36
23 1 2 15 5 36 37
24 1 2 15 5 37 5
25 1 2 10 6 5 38
26 1 2 10 6 38 39
27 1 2 10 6 39 40
28 1 2 10 6 40 41
29 1 2 10 6 41 42
30 1 2 10 6 42 6
31 1 2 10 7 6 43
32 1 2 10 7 43 44
33 1 2 10 7 44 45
34 1 2 10 7 45 46
35 1 2 10 7 46 47
36 1 2 10 7 47 7
37 1 2 10 9 7 53
38 1 2 10 9 53 54
39 1 2 10 9 54 55
40 1 2 10 9 55 56
41 1 2 10 9 56 57
42 1 2 10 9 57 8
43 1 2 15 10 8 58
44 1 2 15 10 58 59
45 1 2 15 10 59 60
46 1 2 15 10 60 61
47 1 2 15 10 61 62
48 1 2 15 10 62 10
49 1 2 14 12 9 68
50 1 2 14 12 68 69
51 1 2 14 12 69 70
52 1 2 14 12 70 71
53 1 2 14 12 71 72
54 1 2 14 12 72 3
55 1 2 15 14 10 78
56 1 2 15 14 78 79
57 1 2 15 14 79 80
58 1 2 15 14 80 81
59 1 2 15 14 81 82
60 1 2 15 14 82 11
61 1 2 13 15 11 83
62 1 2 13 15 83 84
63 1 2 13 15 84 85
64 1 2 13 15 85 86
65 1 2 13 15 86 87
66 1 2 13 15 87 12
67 1 2 14 16 12 88
68 1 2 14 16 88 89
69 1 2 14 16 89 90
70 1 2 14 16 90 91
71 1 2 14 16 91 92
72 1 2 14 16 92 9
73 3 2 1 1 1 13 99 32
74 3 2 1 1 13 14 97 99
75 3 2 1 1 99 97 93 98
76 3 2 1 1 32 99 98 31
77 3 2 1 1 31 98 102 30
78 3 2 1 1 98 93 100 102
79 3 2 1 1 102 100 94 101
80 3 2 1 1 30 102 101 29
81 3 2 1 1 29 101 104 28
82 3 2 1 1 101 94 103 104
83 3 2 1 1 104 103 26 27
84 3 2 1 1 28 104 27 4
85 3 2 1 1 14 15 107 97
86 3 2 1 1 15 16 105 107
87 3 2 1 1 107 105 95 106
88 3 2 1 1 97 107 106 93
89 3 2 1 1 93 106 110 100
90 3 2 1 1 106 95 108 110
91 3 2 1 1 110 108 96 109
92 3 2 1 1 100 110 109 94
93 3 2 1 1 94 109 112 103
94 3 2 1 1 109 96 111 112
95 3 2 1 1 112 111 24 25
96 3 2 1 1 103 112 25 26
97 3 2 1 1 16 17 114 105
98 3 2 1 1 17 2 18 114
99 3 2 1 1 114 18 19 113
100 3 2 1 1 105 114 113 95
101 3 2 1 1 95 113 116 108
102 3 2 1 1 113 19 20 116
103 3 2 1 1 116 20 21 115
104 3 2 1 1 108 116 115 96
105 3 2 1 1 96 115 117 111
106 3 2 1 1 115 21 22 117
107 3 2 1 1 117 22 3 23
108 3 2 1 1 111 117 23 24
109 3 2 1 2 2 33 124 18
110 3 2 1 2 33 34 122 124
111 3 2 1 2 124 122 118 123
112 3 2 1 2 18 124 123 19
113 3 2 1 2 19 123 127 20
114 3 2 1 2 123 118 125 127
115 3 2 1 2 127 125 119 126
116 3 2 1 2 20 127 126 21
117 3 2 1 2 21 126 129 22
118 3 2 1 2 126 119 128 129
119 3 2 1 2 129 128 51 52
120 3 2 1 2 22 129 52 3
121 3 2 1 2 34 35 132 122
122 3 2 1 2 35 36 130 132
123 3 2 1 2 132 130 120 131
124 3 2 1 2 122 132 131 118
125 3 2 1 2 118 131 135 125
126 3 2 1 2 131 120 133 135
127 3 2 1 2 135 133 121 134
128 3 2 1 2 125 135 134 119
129 3 2 1 2 119 134 137 128
130 3 2 1 2 134 121 136 137
131 3 2 1 2 137 136 49 50
132 3 2 1 2 128 137 50 51
133 3 2 1 2 36 37 139 130
134 3 2 1 2 37 5 38 139
135 3 2 1 2 139 38 39 138
136 3 2 1 2 130 139 138 120
137 3 2 1 2 120 138 141 133
138 3 2 1 2 138 39 40 141
139 3 2 1 2 141 40 41 140
140 3 2 1 2 133 141 140 121
141 3 2 1 2 121 140 142 136
142 3 2 1 2 140 41 42 142
143 3 2 1 2 142 42 6 48
144 3 2 1 2 136 142 48 49
145 3 2 1 3 6 43 149 48
146 3 2 1 3 43 44 147 149
147 3 2 1 3 149 147 143 148
148 3 2 1 3 48 149 148 49
149 3 2 1 3 49 148 152 50
150 3 2 1 3 148 143 150 152
151 3 2 1 3 152 150 144 151
152 3 2 1 3 50 152 151 51
153 3 2 1 3 51 151 154 52
154 3 2 1 3 151 144 153 154
155 3 2 1 3 154 153 71 72
156 3 2 1 3 52 154 72 3
157 3 2 1 3 44 45 157 147
158 3 2 1 3 45 46 155 157
159 3 2 1 3 157 155 145 156
160 3 2 1 3 147 157 156 143
161 3 2 1 3 143 156 160 150
162 3 2 1 3 156 145 158 160
163 3 2 1 3 160 158 146 159
164 3 2 1 3 150 160 159 144
165 3 2 1 3 144 159 162 153
166 3 2 1 3 159 146 161 162
167 3 2 1 3 162 161 69 70
168 3 2 1 3 153 162 70 71
169 3 2 1 3 46 47 164 155
170 3 2 1 3 47 7 73 164
171 3 2 1 3 164 73 74 163
172 3 2 1 3 155 164 163 145
173 3 2 1 3 145 163 166 158
174 3 2 1 3 163 74 75 166
175 3 2 1 3 166 75 76 165
176 3 2 1 3 158 166 165 146
177 3 2 1 3 146 165 167 161
178 3 2 1 3 165 76 77 167
179 3 2 1 3 167 77 9 68
180 3 2 1 3 161 167 68 69
181 3 2 1 4 7 53 174 73
182 3 2 1 4 53 54 172 174
183 3 2 1 4 174 172 168 173
184 3 2 1 4 73 174 173 74
185 3 2 1 4 74 173 177 75
186 3 2 1 4 173 168 175 177
187 3 2 1 4 177 175 169 176
188 3 2 1 4 75 177 176 76
189 3 2 1 4 76 176 179 77
190 3 2 1 4 176 169 178 179
191 3 2 1 4 179 178 66 67
192 3 2 1 4 77 179 67 9
193 3 2 1 4 54 55 182 172
194 3 2 1 4 55 56 180 182
195 3 2 1 4 182 180 170 181
196 3 2 1 4 172 182 181 168
197 3 2 1 4 168 181 185 175
198 3 2 1 4 181 170 183 185
199 3 2 1 4 185 183 171 184
200 3 2 1 4 175 185 184 169
201 3 2 1 4 169 184 187 178
202 3 2 1 4 184 171 186 187
203 3 2 1 4 187 186 64 65
204 3 2 1 4 178 187 65 66
205 3 2 1 4 56 57 189 180
206 3 2 1 4 57 8 58 189
207 3 2 1 4 189 58 59 188
208 3 2 1 4 180 189 188 170
209 3 2 1 4 170 188 191 183
210 3 2 1 4 188 59 60 191
211 3 2 1 4 191 60 61 190
212 3 2 1 4 183 191 190 171
213 3 2 1 4 171 190 192 186
214 3 2 1 4 190 61 62 192
215 3 2 1 4 192 62 10 63
216 3 2 1 4 186 192 63 64
217 3 2 1 5 10 78 199 63
218 3 2 1 5 78 79 197 199
219 3 2 1 5 199 197 193 198
220 3 2 1 5 63 199 198 64
221 3 2 1 5 64 198 202 65
222 3 2 1 5 198 193 200 202
223 3 2 1 5 202 200 194 201
224 3 2 1 5 65 202 201 66
225 3 2 1 5 66 201 204 67
226 3 2 1 5 201 194 203 204
227 3 2 1 5 204 203 91 92
228 3 2 1 5 67 204 92 9
229 3 2 1 5 79 80 207 197
230 3 2 1 5 80 81 205 207
231 3 2 1 5 207 205 195 206
232 3 2 1 5 197 207 206 193
233 3 2 1 5 193 206 210 200
234 3 2 1 5 206 195 208 210
235 3 2 1 5 210 208 196 209
236 3 2 1 5 200 210 209 194
237 3 2 1 5 194 209 212 203
238 3 2 1 5 209 196 211 212
239 3 2 1 5 212 211 89 90
240 3 2 1 5 203 212 90 91
241 3 2 1 5 81 82 214 205
242 3 2 1 5 82 11 83 214
243 3 2 1 5 214 83 84 213
244 3 2 1 5 205 214 213 195
245 3 2 1 5 195 213 216 208
246 3 2 1 5 213 84 85 216
247 3 2 1 5 216 85 86 215
248 3 2 1 5 208 216 215 196
249 3 2 1 5 196 215 217 211
250 3 2 1 5 215 86 87 217
251 3 2 1 5 217 87 12 88
252 3 2 1 5 211 217 88 89
$EndElements
