$MeshFormat
2.2 0 8
$EndMeshFormat
$Nodes
217
1 -0.4 0 0
2 -0.15 0 0
3 -0.15 0.1 0
4 -0.4 0.1 0
5 -0.125 0 0
6 -0.1176776695296637 0.01767766952966369 0
7 -0.08232233047033632 0.01767766952966369 0
8 -0.07500000000000001 0 0
9 -0.05 0.1 0
10 -0.05 0 0
11 0.2 0 0
12 0.2 0.1 0
13 -0.3583333333334729 0 0
14 -0.316666666667039 0 0
15 -0.2750000000004618 0 0
16 -0.2333333333338862 0 0
17 -0.1916666666669431 0 0
18 -0.15 0.01666666666663203 0
19 -0.15 0.03333333333325108 0
20 -0.15 0.04999999999987165 0
21 -0.15 0.06666666666657722 0
22 -0.15 0.08333333333328159 0
23 -0.1916666666668061 0.1 0
24 -0.2333333333335648 0.1 0
25 -0.2750000000000515 0.1 0
26 -0.3166666666667826 0.1 0
27 -0.3583333333333478 0.1 0
28 -0.4 0.08333333333337167 0
29 -0.4 0.0666666666667589 0
30 -0.4 0.05000000000012769 0
31 -0.4 0.03333333333342646 0
32 -0.4 0.01666666666674214 0
33 -0.1458333333333406 0 0
34 -0.1416666666666811 0 0
35 -0.1375000000000476 0 0
36 -0.1333333333333731 0 0
37 -0.1291666666667052 0 0
38 -0.1247861215336672 0.003263154810651721 0
39 -0.1241481456536367 0.006470476140961212 0
40 -0.1230969882997219 0.009567085840657618 0
41 -0.1216506350841956 0.01250000001803988 0
42 -0.1198338335080619 0.01521903572420017 0
43 -0.1124999999874257 0.02165063510187073 0
44 -0.1064704760770141 0.02414814567077125 0
45 -0.09999999994041624 0.02499999999999999 0
46 -0.09352952382550428 0.02414814564465112 0
47 -0.08749999998529785 0.02165063508612267 0
48 -0.1230647246080449 0.03139805794136548 0
49 -0.1284517796864173 0.04511844635304502 0
50 -0.1338388347647985 0.0588388347647468 0
51 -0.1392258898431979 0.07255922317649502 0
52 -0.1446129449216015 0.08627961158825403 0
53 -0.08016616649054015 0.01521903572237831 0
54 -0.07834936489821531 0.01249999998757473 0
55 -0.07690301167870371 0.009567085788572318 0
56 -0.07585185433729924 0.006470476107133537 0
57 -0.07521387846299096 0.00326315478526774 0
58 -0.07083333333333154 0 0
59 -0.06666666666668745 0 0
60 -0.06250000000001545 0 0
61 -0.05833333333335005 0 0
62 -0.05416666666667128 0 0
63 -0.05 0.01666666666663203 0
64 -0.05 0.03333333333325108 0
65 -0.05 0.04999999999987165 0
66 -0.05 0.06666666666657722 0
67 -0.05 0.08333333333328159 0
68 -0.06666666666662904 0.1 0
69 -0.0833333333332503 0.1 0
70 -0.09999999999985457 0.1 0
71 -0.1166666666665718 0.1 0
72 -0.1333333333332845 0.1 0
73 -0.07693527539195548 0.03139805794136467 0
74 -0.07154822031358296 0.04511844635304442 0
75 -0.06616116523521087 0.05883883476472306 0
76 -0.06077411015680449 0.07255922317648907 0
77 -0.05538705507843095 0.08627961158817143 0
78 -0.008333333333433258 0 0
79 0.03333333333311715 0 0
80 0.07499999999966704 0 0
81 0.1166666666664482 0 0
82 0.1583333333332241 0 0
83 0.2 0.01666666666663203 0
84 0.2 0.03333333333325108 0
85 0.2 0.04999999999987165 0
86 0.2 0.06666666666657722 0
87 0.2 0.08333333333328159 0
88 0.1583333333334332 0.1 0
89 0.1166666666669448 0.1 0
90 0.07500000000038205 0.1 0
91 0.03333333333358801 0.1 0
92 -0.008333333333205989 0.1 0
93 -0.3166666666669319 0.0333333333333435 0
94 -0.3166666666668498 0.06666666666667678 0
95 -0.233333333333708 0.03333333333332433 0
96 -0.2333333333336073 0.06666666666665733 0
97 -0.3166666666669855 0.01666666666667175 0
98 -0.358333333333466 0.03333333333338498 0
99 -0.3583333333334695 0.01666666666670695 0
100 -0.3166666666668909 0.05000000000001014 0
101 -0.3583333333334249 0.06666666666671783 0
102 -0.3583333333334455 0.05000000000006892 0
103 -0.3166666666668162 0.08333333333333839 0
104 -0.3583333333333864 0.08333333333335503 0
105 -0.2333333333337971 0.01666666666666217 0
106 -0.27500000000032 0.03333333333333392 0
107 -0.2750000000003909 0.01666666666666696 0
108 -0.2333333333336576 0.04999999999999083 0
109 -0.2750000000002286 0.06666666666666705 0
110 -0.2750000000002743 0.05000000000000049 0
111 -0.233333333333586 0.08333333333332867 0
112 -0.27500000000014 0.08333333333333352 0
113 -0.191666666666854 0.03333333333328771 0
114 -0.1916666666668986 0.0166666666666471 0
115 -0.1916666666668037 0.06666666666661727 0
116 -0.1916666666668288 0.04999999999993124 0
117 -0.1916666666668048 0.08333333333330513 0
118 -0.1405530045878295 0.01753204443899588 0
119 -0.1395312718813135 0.0413754882996567 0
120 -0.1319770899143711 0.01024807558357603 0
121 -0.1298990731136629 0.02295766930869553 0
122 -0.1411098356272553 0.008766022219497939 0
123 -0.1452765022939148 0.02543268888612348 0
124 -0.1455549178136277 0.01271634444306498 0
125 -0.1400421382345715 0.02945376636932629 0
126 -0.1447656359406568 0.05402107748311696 0
127 -0.1450210691172858 0.03972688318459897 0
128 -0.1393785808622557 0.05696735573807586 0
129 -0.1446892904311291 0.07015034453568199 0
130 -0.1326552116238721 0.005124037791788015 0
131 -0.1362650472511003 0.01389006001128595 0
132 -0.136882523625574 0.006945030005642977 0
133 -0.130938081514017 0.01660287244613578 0
134 -0.1347151724974882 0.03216657880417612 0
135 -0.1354901098742943 0.02302831940773103 0
136 -0.1291754264000401 0.03403805783087028 0
137 -0.1342770036311433 0.04550270678446146 0
138 -0.1280626177840039 0.00835927586226862 0
139 -0.128720666578779 0.004193596301219868 0
140 -0.1257748540989293 0.01772883466336771 0
141 -0.1270175349068694 0.0130849791433967 0
142 -0.1245046299540532 0.02462854677754079 0
143 -0.109310643414711 0.04693319232783431 0
144 -0.1126781002429832 0.07311253534873749 0
145 -0.09068935654667223 0.04693319232368212 0
146 -0.08732189974155212 0.0731125353479478 0
147 -0.1078905597458625 0.03554066899930278 0
148 -0.1188812115505641 0.04602581934043967 0
149 -0.1156906057689971 0.03383822722116075 0
150 -0.1109943718288471 0.0600228638382859 0
151 -0.1259519950430905 0.07283587926261625 0
152 -0.1224166032968228 0.05943084930151635 0
153 -0.1146723834547775 0.08655626767436875 0
154 -0.1296426641881888 0.08641793963131139 0
155 -0.09210944018608826 0.03554066898416662 0
156 -0.0999999999806916 0.04693319232575822 0
157 -0.09999999996055392 0.0359665961628791 0
158 -0.08900562814411217 0.06002286383581496 0
159 -0.09999999999226764 0.07311253534834264 0
160 -0.09999999998647961 0.06002286383705043 0
161 -0.0853276165374012 0.0865562676739739 0
162 -0.09999999999606111 0.08655626767417132 0
163 -0.0811187884301276 0.04602581933836327 0
164 -0.08430939420771064 0.03383822721224827 0
165 -0.07404800494917831 0.07283587926221843 0
166 -0.07758339668966152 0.05943084930026901 0
167 -0.07035733580791802 0.08641793963107267 0
168 -0.0701009268813267 0.02295766929371572 0
169 -0.06046872811741538 0.04137548829477349 0
170 -0.06802291008108662 0.01024807556119591 0
171 -0.05944699541034199 0.01753204442616234 0
172 -0.074225145889771 0.01772883464064523 0
173 -0.07082457359745484 0.03403805782338007 0
174 -0.07549537004399542 0.02462854677288449 0
175 -0.06528482749937103 0.0321665787942446 0
176 -0.06062141913710994 0.05696735573563128 0
177 -0.06572299636729095 0.04550270677948383 0
178 -0.05523436405870769 0.05402107748067536 0
179 -0.05531070956856933 0.07015034453441987 0
180 -0.07193738220919293 0.008359275834164723 0
181 -0.06906191848120666 0.01660287242745581 0
182 -0.07298246507995518 0.01308497910801407 0
183 -0.06373495274571431 0.01389005999367912 0
184 -0.05995786176387868 0.02945376636046792 0
185 -0.06450989012254267 0.02302831939396186 0
186 -0.054723497705171 0.02543268887970671 0
187 -0.05497893088193935 0.03972688318016978 0
188 -0.06734478837388704 0.005124037780597955 0
189 -0.0712793334184329 0.004193596282932848 0
190 -0.05889016437184602 0.008766022213081169 0
191 -0.06311747637286487 0.006945029996839562 0
192 -0.05444508218592115 0.0127163444398566 0
193 0.03333333333327622 0.03333333333332167 0
194 0.0333333333334256 0.06666666666665463 0
195 0.116666666666613 0.03333333333332168 0
196 0.1166666666667698 0.06666666666665465 0
197 0.03333333333319669 0.01666666666666083 0
198 -0.008333333333361892 0.03333333333328638 0
199 -0.008333333333397575 0.01666666666664643 0
200 0.03333333333335091 0.04999999999998815 0
201 -0.008333333333287202 0.06666666666661593 0
202 -0.008333333333324547 0.0499999999999299 0
203 0.03333333333350681 0.08333333333332732 0
204 -0.008333333333246595 0.08333333333330445 0
205 0.1166666666665306 0.01666666666666084 0
206 0.07499999999994461 0.03333333333332167 0
207 0.07499999999980583 0.01666666666666083 0
208 0.1166666666666914 0.04999999999998817 0
209 0.0750000000000977 0.06666666666665463 0
210 0.07500000000002116 0.04999999999998815 0
211 0.1166666666668573 0.08333333333332732 0
212 0.07500000000023987 0.08333333333332732 0
213 0.1583333333333065 0.03333333333328638 0
214 0.1583333333332653 0.01666666666664644 0
215 0.1583333333333849 0.06666666666661594 0
216 0.1583333333333457 0.04999999999992991 0
217 0.158333333333409 0.08333333333330445 0
$EndNodes
$Elements
252
1 1 2 15 1 1 13
2 1 2 15 1 13 14
3 1 2 15 1 14 15
4 1 2 15 1 15 16
5 1 2 15 1 16 17
6 1 2 15 1 17 2
7 1 2 14 3 3 23
8 1 2 14 3 23 24
9 1 2 14 3 24 25
10 1 2 14 3 25 26
11 1 2 14 3 26 27
12 1 2 14 3 27 4
13 1 2 12 4 4 28
14 1 2 12 4 28 29
15 1 2 12 4 29 30
16 1 2 12 4 30 31
17 1 2 12 4 31 32
18 1 2 12 4 32 1
19 1 2 15 5 2 33
20 1 2 15 5 33 34
21 1 2 15 5 34 35
22 1 2 15 5 35 36
23 1 2 15 5 36 37
24 1 2 15 5 37 5
25 1 2 10 6 5 38
26 1 2 10 6 38 39
27 1 2 10 6 39 40
28 1 2 10 6 40 41
29 1 2 10 6 41 42
30 1 2 10 6 42 6
31 1 2 10 7 6 43
32 1 2 10 7 43 44
33 1 2 10 7 44 45
34 1 2 10 7 45 46
35 1 2 10 7 46 47
36 1 2 10 7 47 7
37 1 2 10 9 7 53
38 1 2 10 9 53 54
39 1 2 10 9 54 55
40 1 2 10 9 55 56
41 1 2 10 9 56 57
42 1 2 10 9 57 8
43 1 2 15 10 8 58
44 1 2 15 10 58 59
45 1 2 15 10 59 60
46 1 2 15 10 60 61
47 1 2 15 10 61 62
48 1 2 15 10 62 10
49 1 2 14 12 9 68
50 1 2 14 12 68 69
51 1 2 14 12 69 70
52 1 2 14 12 70 71
53 1 2 14 12 71 72
54 1 2 14 12 72 3
55 1 2 15 14 10 78
56 1 2 15 14 78 79
57 1 2 15 14 79 80
58 1 2 15 14 80 81
59 1 2 15 14 81 82
60 1 2 15 14 82 11
61 1 2 13 15 11 83
62 1 2 13 15 83 84
63 1 2 13 15 84 85
64 1 2 13 15 85 86
65 1 2 13 15 86 87
66 1 2 13 15 87 12
67 1 2 14 16 12 88
68 1 2 14 16 88 89
69 1 2 14 16 89 90
70 1 2 14 16 90 91
71 1 2 14 16 91 92
72 1 2 14 16 92 9
73 3 2 1 1 1 13 99 32
74 3 2 1 1 13 14 97 99
75 3 2 1 1 99 97 93 98
76 3 2 1 1 32 99 98 31
77 3 2 1 1 31 98 102 30
78 3 2 1 1 98 93 100 102
79 3 2 1 1 102 100 94 101
80 3 2 1 1 30 102 101 29
81 3 2 1 1 29 101 104 28
82 3 2 1 1 101 94 103 104
83 3 2 1 1 104 103 26 27
84 3 2 1 1 28 104 27 4
85 3 2 1 1 14 15 107 97
86 3 2 1 1 15 16 105 107
87 3 2 1 1 107 105 95 106
88 3 2 1 1 97 107 106 93
89 3 2 1 1 93 106 110 100
90 3 2 1 1 106 95 108 110
91 3 2 1 1 110 108 96 109
92 3 2 1 1 100 110 109 94
93 3 2 1 1 94 109 112 103
94 3 2 1 1 109 96 111 112
95 3 2 1 1 112 111 24 25
96 3 2 1 1 103 112 25 26
97 3 2 1 1 16 17 114 105
98 3 2 1 1 17 2 18 114
99 3 2 1 1 114 18 19 113
100 3 2 1 1 105 114 113 95
101 3 2 1 1 95 113 116 108
102 3 2 1 1 113 19 20 116
103 3 2 1 1 116 20 21 115
104 3 2 1 1 108 116 115 96
105 3 2 1 1 96 115 117 111
106 3 2 1 1 115 21 22 117
107 3 2 1 1 117 22 3 23
108 3 2 1 1 111 117 23 24
109 3 2 1 2 2 33 124 18
110 3 2 1 2 33 34 122 124
111 3 2 1 2 124 122 118 123
112 3 2 1 2 18 124 123 19
113 3 2 1 2 19 123 127 20
114 3 2 1 2 123 118 125 127
115 3 2 1 2 127 125 119 126
116 3 2 1 2 20 127 126 21
117 3 2 1 2 21 126 129 22
118 3 2 1 2 126 119 128 129
119 3 2 1 2 129 128 51 52
120 3 2 1 2 22 129 52 3
121 3 2 1 2 34 35 132 122
122 3 2 1 2 35 36 130 132
123 3 2 1 2 132 130 120 131
124 3 2 1 2 122 132 131 118
125 3 2 1 2 118 131 135 125
126 3 2 1 2 131 120 133 135
127 3 2 1 2 135 133 121 134
128 3 2 1 2 125 135 134 119
129 3 2 1 2 119 134 137 128
130 3 2 1 2 134 121 136 137
131 3 2 1 2 137 136 49 50
132 3 2 1 2 128 137 50 51
133 3 2 1 2 36 37 139 130
134 3 2 1 2 37 5 38 139
135 3 2 1 2 139 38 39 138
136 3 2 1 2 130 139 138 120
137 3 2 1 2 120 138 141 133
138 3 2 1 2 138 39 40 141
139 3 2 1 2 141 40 41 140
140 3 2 1 2 133 141 140 121
141 3 2 1 2 121 140 142 136
142 3 2 1 2 140 41 42 142
143 3 2 1 2 142 42 6 48
144 3 2 1 2 136 142 48 49
145 3 2 1 3 6 43 149 48
146 3 2 1 3 43 44 147 149
147 3 2 1 3 149 147 143 148
148 3 2 1 3 48 149 148 49
149 3 2 1 3 49 148 152 50
150 3 2 1 3 148 143 150 152
151 3 2 1 3 152 150 144 151
152 3 2 1 3 50 152 151 51
153 3 2 1 3 51 151 154 52
154 3 2 1 3 151 144 153 154
155 3 2 1 3 154 153 71 72
156 3 2 1 3 52 154 72 3
157 3 2 1 3 44 45 157 147
158 3 2 1 3 45 46 155 157
159 3 2 1 3 157 155 145 156
160 3 2 1 3 147 157 156 143
161 3 2 1 3 143 156 160 150
162 3 2 1 3 156 145 158 160
163 3 2 1 3 160 158 146 159
164 3 2 1 3 150 160 159 144
165 3 2 1 3 144 159 162 153
166 3 2 1 3 159 146 161 162
167 3 2 1 3 162 161 69 70
168 3 2 1 3 153 162 70 71
169 3 2 1 3 46 47 164 155
170 3 2 1 3 47 7 73 164
171 3 2 1 3 164 73 74 163
172 3 2 1 3 155 164 163 145
173 3 2 1 3 145 163 166 158
174 3 2 1 3 163 74 75 166
175 3 2 1 3 166 75 76 165
176 3 2 1 3 158 166 165 146
177 3 2 1 3 146 165 167 161
178 3 2 1 3 165 76 77 167
179 3 2 1 3 167 77 9 68
180 3 2 1 3 161 167 68 69
181 3 2 1 4 7 53 174 73
182 3 2 1 4 53 54 172 174
183 3 2 1 4 174 172 168 173
184 3 2 1 4 73 174 173 74
185 3 2 1 4 74 173 177 75
186 3 2 1 4 173 168 175 177
187 3 2 1 4 177 175 169 176
188 3 2 1 4 75 177 176 76
189 3 2 1 4 76 176 179 77
190 3 2 1 4 176 169 178 179
191 3 2 1 4 179 178 66 67
192 3 2 1 4 77 179 67 9
193 3 2 1 4 54 55 182 172
194 3 2 1 4 55 56 180 182
195 3 2 1 4 182 180 170 181
196 3 2 1 4 172 182 181 168
197 3 2 1 4 168 181 185 175
198 3 2 1 4 181 170 183 185
199 3 2 1 4 185 183 171 184
200 3 2 1 4 175 185 184 169
201 3 2 1 4 169 184 187 178
202 3 2 1 4 184 171 186 187
203 3 2 1 4 187 186 64 65
204 3 2 1 4 178 187 65 66
205 3 2 1 4 56 57 189 180
206 3 2 1 4 57 8 58 189
207 3 2 1 4 189 58 59 188
208 3 2 1 4 180 189 188 170
209 3 2 1 4 170 188 191 183
210 3 2 1 4 188 59 60 191
211 3 2 1 4 191 60 61 190
212 3 2 1 4 183 191 190 171
213 3 2 1 4 171 190 192 186
214 3 2 1 4 190 61 62 192
215 3 2 1 4 192 62 10 63
216 3 2 1 4 186 192 63 64
217 3 2 1 5 10 78 199 63
218 3 2 1 5 78 79 197 199
219 3 2 1 5 199 197 193 198
220 3 2 1 5 63 199 198 64
221 3 2 1 5 64 198 202 65
222 3 2 1 5 198 193 200 202
223 3 2 1 5 202 200 194 201
224 3 2 1 5 65 202 201 66
225 3 2 1 5 66 201 204 67
226 3 2 1 5 201 194 203 204
227 3 2 1 5 204 203 91 92
228 3 2 1 5 67 204 92 9
229 3 2 1 5 79 80 207 197
230 3 2 1 5 80 81 205 207
231 3 2 1 5 207 205 195 206
232 3 2 1 5 197 207 206 193
233 3 2 1 5 193 206 210 200
234 3 2 1 5 206 195 208 210
235 3 2 1 5 210 208 196 209
236 3 2 1 5 200 210 209 194
237 3 2 1 5 194 209 212 203
238 3 2 1 5 209 196 211 212
239 3 2 1 5 212 211 89 90
240 3 2 1 5 203 212 90 91
241 3 2 1 5 81 82 214 205
242 3 2 1 5 82 11 83 214
243 3 2 1 5 214 83 84 213
244 3 2 1 5 205 214 213 195
245 3 2 1 5 195 213 216 208
246 3 2 1 5 213 84 85 216
247 3 2 1 5 216 85 86 215
248 3 2 1 5 208 216 215 196
249 3 2 1 5 196 215 217 211
250 3 2 1 5 215 86 87 217
251 3 2 1 5 217 87 12 88
252 3 2 1 5 211 217 88 89
$EndElements
