$MeshFormat
2.2 0 8
$EndMeshFormat
$Nodes
168
1 0 0 0
2 5 0 0
3 5 1 0
4 0 1 0
5 2.7 0.3 0
6 2.7 0.7 0
7 2.3 0.7 0
8 2.3 0.3 0
9 0.8333333333319258 0 0
10 1.666666666663132 0 0
11 2.499999999994456 0 0
12 3.3333333333308 0 0
13 4.166666666665035 0 0
14 5 0.1666666666663268 0
15 5 0.333333333332501 0
16 5 0.4999999999986817 0
17 5 0.6666666666657874 0
18 5 0.8333333333328937 0
19 4.166666666666398 1 0
20 3.333333333333331 1 0
21 2.500000000001794 1 0
22 1.666666666666666 1 0
23 0.8333333333322601 1 0
24 0 0.8333333333336469 0
25 0 0.6666666666675918 0
26 0 0.5000000000015389 0
27 0 0.3333333333347207 0
28 0 0.1666666666673603 0
29 2.64142135624535 0.2550510257263244 0
30 2.573205080620108 0.2267949192064621 0
31 2.499999998968788 0.2171572875253808 0
32 2.42679491805576 0.2267949195612622 0
33 2.358578643102663 0.2550510261027491 0
34 2.744948974480482 0.6414213558871509 0
35 2.773205080865639 0.5732050803510257 0
36 2.782842712474619 0.4999999994775406 0
37 2.773205080708651 0.4267949190630915 0
38 2.744948974386028 0.3585786439492502 0
39 2.358578643566226 0.7449489741648891 0
40 2.426794919109833 0.7732050807211757 0
41 2.500000000821344 0.7828427124746191 0
42 2.573205081207648 0.773205080636107 0
43 2.641421356845515 0.7449489739271706 0
44 2.255051025678763 0.3585786438370282 0
45 2.226794919131156 0.4267949196609384 0
46 2.217157287525381 0.5000000004912819 0
47 2.226794919287859 0.5732050809238838 0
48 2.255051025720316 0.6414213562349445 0
49 0.3833333333325897 0.049999999999903 0
50 0.7666666666647611 0.09999999999975145 0
51 1.149999999996965 0.1499999999996041 0
52 1.533333333331353 0.1999999999997417 0
53 1.916666666666053 0.24999999999992 0
54 1.91666666666725 0.7499999999999238 0
55 1.533333333335375 0.7999999999997336 0
56 1.150000000003063 0.8499999999996005 0
57 0.7666666666687636 0.8999999999997265 0
58 0.3833333333342899 0.9499999999998753 0
59 4.616666666667429 0.9500000000000994 0
60 4.233333333335403 0.9000000000002699 0
61 3.850000000003121 0.8500000000004071 0
62 3.466666666668479 0.8000000000002363 0
63 3.083333333333926 0.7500000000000773 0
64 3.083333333332721 0.2500000000000799 0
65 3.46666666666433 0.2000000000003047 0
66 3.849999999996902 0.1500000000004041 0
67 4.233333333331482 0.1000000000002416 0
68 4.616666666666537 0.05000000000001695 0
69 2.620148523090844 0.1604791613409375 0
70 2.829650169946466 0.08461513784865832 0
71 2.379851475860933 0.1604791615485773 0
72 2.170349829513488 0.08461513794580133 0
73 2.596676801855476 0.1936370402736998 0
74 3.043407594877587 0.1802395806706211 0
75 2.842414475561746 0.2176453031984365 0
76 2.724899346518655 0.1225471495947979 0
77 3.531491751638974 0.09230756892444997 0
78 3.287449673257779 0.136273574797601 0
79 3.081491751638633 0.04230756892432916 0
80 3.849079209152403 0.04615378446217305 0
81 2.403323196958346 0.1936370405549198 0
82 2.499999999475889 0.1604791614447574 0
83 2.499999999222339 0.1888182244850691 0
84 2.27510065268721 0.1225471497471893 0
85 2.499999999729977 0.08461513789722983 0
86 2.499999999602933 0.1225471496709936 0
87 1.91850824808831 0.04230756897290067 0
88 2.499999999862217 0.04230756894861491 0
89 1.956592404596143 0.1802395807741595 0
90 2.157585523849591 0.2176453034384788 0
91 1.468508248089124 0.09230756897277639 0
92 1.712550326342088 0.1362735748733967 0
93 1.15092079071063 0.04615378448640184 0
94 3.471203613023249 0.5998096085534379 0
95 4.233748611844442 0.6327114872837036 0
96 3.471203613018618 0.4001903913974424 0
97 4.233748611843024 0.367288512710483 0
98 3.122204346944444 0.5865073444522316 0
99 3.468935139845864 0.699904804276837 0
100 3.106942057163016 0.6706630800819734 0
101 3.852476112433846 0.6162605479185708 0
102 4.233540972589923 0.7663557436419867 0
103 3.851238056218484 0.7331302739594888 0
104 4.616874305922221 0.6496890769747454 0
105 4.616770486294826 0.7998445384874223 0
106 3.122204346863635 0.4134926552302669 0
107 3.471203613020934 0.4999999999754401 0
108 3.127023162747776 0.4999999997264903 0
109 3.85247611243082 0.3837394520539627 0
110 4.233748611843733 0.4999999999970933 0
111 3.852476112432333 0.4999999999862668 0
112 4.616874305921511 0.350310923021492 0
113 4.616874305921867 0.4999999999978875 0
114 3.468935139841474 0.3000951956988735 0
115 3.106942057114029 0.3293369198240256 0
116 4.233540972587253 0.2336442563553623 0
117 3.851238056213862 0.2668697260271834 0
118 4.616770486294024 0.2001554615107926 0
119 2.379851476719122 0.8395208386089588 0
120 2.170349829983087 0.9153848621238516 0
121 2.620148523532241 0.8395208385592093 0
122 2.829650170146374 0.915384862100643 0
123 2.403323197914477 0.8063629596650672 0
124 1.956592405027249 0.8197604193043462 0
125 2.157585524296518 0.7823546967346463 0
126 2.275100653351105 0.8774528503664052 0
127 1.468508248325926 0.9076924310617891 0
128 1.712550326677084 0.863726425183003 0
129 1.918508248324877 0.9576924310619258 0
130 1.150920790829047 0.9538462155309005 0
131 2.596676802369944 0.8063629595976582 0
132 2.500000000125682 0.839520838584084 0
133 2.500000000473513 0.8111817755293517 0
134 2.724899346839308 0.8774528503299261 0
135 2.500000000064731 0.9153848621122473 0
136 2.500000000095206 0.8774528503481658 0
137 3.081491751739853 0.9576924310503214 0
138 2.500000000033262 0.9576924310561237 0
139 3.04340759510036 0.8197604192797228 0
140 2.842414475972781 0.7823546966034263 0
141 3.531491751740889 0.9076924310504564 0
142 3.287449673421214 0.8637264251651666 0
143 3.849079209203507 0.9538462155252104 0
144 1.528796386976438 0.400190391446917 0
145 0.7662513881556788 0.3672885127163457 0
146 1.528796386981024 0.5998096086021169 0
147 0.766251388157121 0.632711487289504 0
148 1.877795653053797 0.4134926555539277 0
149 1.531064860153896 0.3000951957233294 0
150 1.893057942916518 0.3293369197802033 0
151 1.147523887566058 0.3837394520816313 0
152 0.76645902741022 0.2336442563580486 0
153 1.148761943781512 0.2668697260406178 0
154 0.3831256940778394 0.3503109230255332 0
155 0.3832295137052145 0.2001554615127181 0
156 1.877795653134442 0.5865073447630003 0
157 1.528796386978731 0.5000000000245169 0
158 1.872976837252056 0.5000000002578994 0
159 1.147523887569073 0.6162605479458104 0
160 0.7662513881563999 0.5000000000029249 0
161 1.147523887567566 0.5000000000137209 0
162 0.3831256940785605 0.6496890769785479 0
163 0.3831256940782 0.5000000000022319 0
164 1.5310648601582 0.6999048043009253 0
165 1.89305794293904 0.6706630802679634 0
166 0.7664590274129424 0.7663557436446152 0
167 1.148761943786068 0.7331302739727055 0
168 0.3832295137064252 0.7998445384891373 0
$EndNodes
$Elements
192
1 1 2 1 1 1 9
2 1 2 1 1 9 10
3 1 2 1 1 10 11
4 1 2 1 1 11 12
5 1 2 1 1 12 13
6 1 2 1 1 13 2
7 1 2 2 2 2 14
8 1 2 2 2 14 15
9 1 2 2 2 15 16
10 1 2 2 2 16 17
11 1 2 2 2 17 18
12 1 2 2 2 18 3
13 1 2 3 3 3 19
14 1 2 3 3 19 20
15 1 2 3 3 20 21
16 1 2 3 3 21 22
17 1 2 3 3 22 23
18 1 2 3 3 23 4
19 1 2 4 4 4 24
20 1 2 4 4 24 25
21 1 2 4 4 25 26
22 1 2 4 4 26 27
23 1 2 4 4 27 28
24 1 2 4 4 28 1
25 1 2 12 5 5 29
26 1 2 12 5 29 30
27 1 2 12 5 30 31
28 1 2 12 5 31 32
29 1 2 12 5 32 33
30 1 2 12 5 33 8
31 1 2 12 6 6 34
32 1 2 12 6 34 35
33 1 2 12 6 35 36
34 1 2 12 6 36 37
35 1 2 12 6 37 38
36 1 2 12 6 38 5
37 1 2 12 7 7 39
38 1 2 12 7 39 40
39 1 2 12 7 40 41
40 1 2 12 7 41 42
41 1 2 12 7 42 43
42 1 2 12 7 43 6
43 1 2 12 8 8 44
44 1 2 12 8 44 45
45 1 2 12 8 45 46
46 1 2 12 8 46 47
47 1 2 12 8 47 48
48 1 2 12 8 48 7
49 3 2 17 1 5 29 75 64
50 3 2 17 1 29 30 73 75
51 3 2 17 1 75 73 69 74
52 3 2 17 1 64 75 74 65
53 3 2 17 1 65 74 78 66
54 3 2 17 1 74 69 76 78
55 3 2 17 1 78 76 70 77
56 3 2 17 1 66 78 77 67
57 3 2 17 1 67 77 80 68
58 3 2 17 1 77 70 79 80
59 3 2 17 1 80 79 12 13
60 3 2 17 1 68 80 13 2
61 3 2 17 1 30 31 83 73
62 3 2 17 1 31 32 81 83
63 3 2 17 1 83 81 71 82
64 3 2 17 1 73 83 82 69
65 3 2 17 1 69 82 86 76
66 3 2 17 1 82 71 84 86
67 3 2 17 1 86 84 72 85
68 3 2 17 1 76 86 85 70
69 3 2 17 1 70 85 88 79
70 3 2 17 1 85 72 87 88
71 3 2 17 1 88 87 10 11
72 3 2 17 1 79 88 11 12
73 3 2 17 1 32 33 90 81
74 3 2 17 1 33 8 53 90
75 3 2 17 1 90 53 52 89
76 3 2 17 1 81 90 89 71
77 3 2 17 1 71 89 92 84
78 3 2 17 1 89 52 51 92
79 3 2 17 1 92 51 50 91
80 3 2 17 1 84 92 91 72
81 3 2 17 1 72 91 93 87
82 3 2 17 1 91 50 49 93
83 3 2 17 1 93 49 1 9
84 3 2 17 1 87 93 9 10
85 3 2 17 2 6 34 100 63
86 3 2 17 2 34 35 98 100
87 3 2 17 2 100 98 94 99
88 3 2 17 2 63 100 99 62
89 3 2 17 2 62 99 103 61
90 3 2 17 2 99 94 101 103
91 3 2 17 2 103 101 95 102
92 3 2 17 2 61 103 102 60
93 3 2 17 2 60 102 105 59
94 3 2 17 2 102 95 104 105
95 3 2 17 2 105 104 17 18
96 3 2 17 2 59 105 18 3
97 3 2 17 2 35 36 108 98
98 3 2 17 2 36 37 106 108
99 3 2 17 2 108 106 96 107
100 3 2 17 2 98 108 107 94
101 3 2 17 2 94 107 111 101
102 3 2 17 2 107 96 109 111
103 3 2 17 2 111 109 97 110
104 3 2 17 2 101 111 110 95
105 3 2 17 2 95 110 113 104
106 3 2 17 2 110 97 112 113
107 3 2 17 2 113 112 15 16
108 3 2 17 2 104 113 16 17
109 3 2 17 2 37 38 115 106
110 3 2 17 2 38 5 64 115
111 3 2 17 2 115 64 65 114
112 3 2 17 2 106 115 114 96
113 3 2 17 2 96 114 117 109
114 3 2 17 2 114 65 66 117
115 3 2 17 2 117 66 67 116
116 3 2 17 2 109 117 116 97
117 3 2 17 2 97 116 118 112
118 3 2 17 2 116 67 68 118
119 3 2 17 2 118 68 2 14
120 3 2 17 2 112 118 14 15
121 3 2 17 3 7 39 125 54
122 3 2 17 3 39 40 123 125
123 3 2 17 3 125 123 119 124
124 3 2 17 3 54 125 124 55
125 3 2 17 3 55 124 128 56
126 3 2 17 3 124 119 126 128
127 3 2 17 3 128 126 120 127
128 3 2 17 3 56 128 127 57
129 3 2 17 3 57 127 130 58
130 3 2 17 3 127 120 129 130
131 3 2 17 3 130 129 22 23
132 3 2 17 3 58 130 23 4
133 3 2 17 3 40 41 133 123
134 3 2 17 3 41 42 131 133
135 3 2 17 3 133 131 121 132
136 3 2 17 3 123 133 132 119
137 3 2 17 3 119 132 136 126
138 3 2 17 3 132 121 134 136
139 3 2 17 3 136 134 122 135
140 3 2 17 3 126 136 135 120
141 3 2 17 3 120 135 138 129
142 3 2 17 3 135 122 137 138
143 3 2 17 3 138 137 20 21
144 3 2 17 3 129 138 21 22
145 3 2 17 3 42 43 140 131
146 3 2 17 3 43 6 63 140
147 3 2 17 3 140 63 62 139
148 3 2 17 3 131 140 139 121
149 3 2 17 3 121 139 142 134
150 3 2 17 3 139 62 61 142
151 3 2 17 3 142 61 60 141
152 3 2 17 3 134 142 141 122
153 3 2 17 3 122 141 143 137
154 3 2 17 3 141 60 59 143
155 3 2 17 3 143 59 3 19
156 3 2 17 3 137 143 19 20
157 3 2 17 4 8 44 150 53
158 3 2 17 4 44 45 148 150
159 3 2 17 4 150 148 144 149
160 3 2 17 4 53 150 149 52
161 3 2 17 4 52 149 153 51
162 3 2 17 4 149 144 151 153
163 3 2 17 4 153 151 145 152
164 3 2 17 4 51 153 152 50
165 3 2 17 4 50 152 155 49
166 3 2 17 4 152 145 154 155
167 3 2 17 4 155 154 27 28
168 3 2 17 4 49 155 28 1
169 3 2 17 4 45 46 158 148
170 3 2 17 4 46 47 156 158
171 3 2 17 4 158 156 146 157
172 3 2 17 4 148 158 157 144
173 3 2 17 4 144 157 161 151
174 3 2 17 4 157 146 159 161
175 3 2 17 4 161 159 147 160
176 3 2 17 4 151 161 160 145
177 3 2 17 4 145 160 163 154
178 3 2 17 4 160 147 162 163
179 3 2 17 4 163 162 25 26
180 3 2 17 4 154 163 26 27
181 3 2 17 4 47 48 165 156
182 3 2 17 4 48 7 54 165
183 3 2 17 4 165 54 55 164
184 3 2 17 4 156 165 164 146
185 3 2 17 4 146 164 167 159
186 3 2 17 4 164 55 56 167
187 3 2 17 4 167 56 57 166
188 3 2 17 4 159 167 166 147
189 3 2 17 4 147 166 168 162
190 3 2 17 4 166 57 58 168
191 3 2 17 4 168 58 4 24
192 3 2 17 4 162 168 24 25
$EndElements
